00101000000000000000000100010000000100001000100000
00000000000000000010000001000010000000000100110000
10001000100000000000000000000000000010000000100000
00000010000000000000000000000000000000000000010000
10100000010010000000000000000000000000000000000000
00000010000000000100000000000000000000000000100000
00010101001000111000001010010000000000001000110000
00000010000010000000000000000000000000001000000001
00100000000000000000000000000000000000000000010000
00001000000000000000000000000000000000000000100000
00000010000000000000010000000000000000000000011000
00000000000000110001000000000000000000001001100001
00001001000000000000000000000000000100000000000000
00000000000000000000000010000000000000010000110000
00000010000100000001000000001001000000000001000000
00000010000100000000000000000000001010010100000000
00000010000000000000000000000000000000001000000000
00000100000000000000000000000000010000000000100110
01000000000000000000000000100000000000001000000000
00000000000100100000000000000000100001000000000000
00000000000000000000000000000000000000001000010000
00000000001000000000000000000000000000000000100000
00000010000000000000000000000000000000000000100000
10000000000000000000000000000100001000000000100000
00000010000001000000000000000000000000000000000000
01000000000000000000000000101000000000000000100000
00000000000000000010000001000000000000000000000000
10000010000000000000000000000100000000000010000000
00000000000000100000000001000000000000000000000000
00000000000000000000000100010000000000000000000000
01000000000000000000000000000000000000000000100000
00000000000000100000000000000000100000000000100000
00000000000000000001000000000001000000000000000000
00000000000000000100000000000000000000000000100000
00000000000000010000000100000000000000000000000000
10000000000010000000000000000000000000000000000000
00100000000000010000000000000000000000000000000000
00000000000000000001000000000000000000001000000010
00000000000000000000000000000000000000001000100000
00000000000001010000000000000000000000000000000000
10000011000100001010100000000000000001100010110000
01000000000000010000000000000000000000000000000100
00000000000000000000000000010000000000001000001000
00000000000100100000000000000000000000000000000000
11100110010101000100011101000011010000101000010000
01010010101001000000100000000000000000001000100000
00000000001000000000000000000000000000000010000000
00000000000000000100000000000000000000000100000000
00000000000000000100000000000000000001000000000000
00000001000100000000000000000000000000000000000000
